  0.     3.162  5.657  7.616  2.236  9.     9.22   1.     4.123  3.   
  3.162  0.     3.162  5.657  2.236  6.083  6.708  2.236  3.606  5.   
  5.657  3.162  0.     7.616  5.385  6.403  7.81   5.     3.     8.062
  7.616  5.657  7.616  0.     5.385  3.606  2.236  6.708  9.22   7.   
  2.236  2.236  5.385  5.385  0.     7.071  7.071  1.414  5.099  2.828
  9.     6.083  6.403  3.606  7.071  0.     2.     8.     8.944  9.487
  9.22   6.708  7.81   2.236  7.071  2.     0.     8.246 10.     9.055
  1.     2.236  5.     6.708  1.414  8.     8.246  0.     4.     3.162
  4.123  3.606  3.     9.22   5.099  8.944 10.     4.     0.     7.071
  3.     5.     8.062  7.     2.828  9.487  9.055  3.162  7.071  0.   